Sentence embeddings:
Sentence: Krishna is a major deity in Hinduism, worshipped as the eighth avatar of Vishnu and also as the supreme God in his own right.
Embedding: [-3.08933742e-02  2.51069162e-02 -2.53037773e-02  4.35362160e-02
 -7.25944489e-02  5.04508428e-03  6.32515475e-02  3.08441203e-02
  6.43712804e-02 -1.46605503e-02  2.96052051e-04 -3.13168280e-02
 -5.67391398e-04  2.73591373e-02  3.98183316e-02 -6.01929985e-02
 -7.52233900e-03  8.74804147e-03 -2.88183093e-02 -8.69930536e-02
  1.31044229e-02  5.89282392e-03 -7.36295879e-02 -1.82413366e-02
 -8.58718064e-03  9.33106709e-03  7.39328191e-02 -1.13347448e-01
  1.88890379e-02 -1.93342716e-02 -2.57620681e-02 -7.33458847e-02
 -5.30504994e-02  1.07006073e-01 -1.26211166e-01  6.10940382e-02
 -5.51192462e-02  2.71021072e-02 -4.58843745e-02 -7.27687031e-02
  1.13613699e-02  5.03251329e-02 -2.97444724e-02 -1.20497085e-01
  5.65395504e-02 -1.64242554e-02 -9.03381184e-02 -5.17699197e-02
  1.78689584e-02 -3.66655551e-02 -2.04421245e-02  6.68705404e-02
 -5.53970132e-03  2.26245467e-02  7.43976608e-02 -1.18943296e-01
  4.67387699e-02 -8.61677229e-02  3.15154679e-02  1.89397037e-02
 -3.04261758e-03  9.15616564e-03  1.10335909e-01  3.45274284e-02
 -4.56458796e-03 -8.50318298e-02 -2.64327247e-02  2.01673117e-02
 -1.26828596e-01  4.21934901e-03  1.83735583e-02  9.90023091e-03
  5.16174361e-02  1.22037828e-02 -4.00300883e-02 -9.04512256e-02
 -2.78031509e-02  3.89361307e-02 -3.16855893e-03  6.30701408e-02
  2.16069762e-02  2.40899138e-02 -4.03301865e-02  7.56341144e-02
  1.83225038e-05  1.42148193e-02 -1.19247381e-02 -1.70812830e-02
 -5.08642085e-02  2.78740712e-02  9.44167897e-02  4.43973877e-02
  3.46233770e-02 -5.15401661e-02  2.71614790e-02  2.40594726e-02
 -6.08253665e-02 -4.79954965e-02 -1.92862302e-02  1.94805802e-03
 -6.04609698e-02 -1.82876419e-02 -2.79275496e-02  3.98240127e-02
 -1.92448795e-02 -2.00542212e-02 -4.08827439e-02 -2.88415607e-02
 -6.35595806e-03 -3.33297476e-02  2.50055231e-02 -5.99763962e-03
 -7.24669248e-02  1.56097382e-03  8.08029622e-03  5.07600307e-02
 -7.41179213e-02 -1.54579431e-03 -7.39826858e-02 -9.28348675e-03
 -8.21020305e-02  9.82659608e-02  9.06614661e-02  3.91618051e-02
 -1.10060321e-02  8.08900280e-04 -7.96699226e-02 -2.28298690e-33
  1.53494226e-02 -1.03750117e-02  6.65356740e-02 -1.89331248e-02
 -1.71673857e-02 -1.34073421e-02 -5.46445884e-02 -2.11114855e-03
  3.01356660e-03 -1.52950678e-02 -1.84676959e-03  7.54575757e-03
 -3.35438270e-03  2.63626478e-03 -5.43115661e-02  3.69584672e-02
 -2.11977344e-02  1.40210474e-02 -1.86907202e-02 -4.74055707e-02
  1.28075415e-02 -2.71709356e-02  8.75794981e-03  4.46943333e-03
  2.27989722e-03 -8.34762678e-02  5.74454367e-02  2.23190524e-03
 -3.30234505e-02 -2.89360387e-03  2.75862706e-03  3.00782011e-03
 -3.31173539e-02  2.53510661e-02  2.49411408e-02 -8.44422728e-02
  2.12700404e-02 -2.23673135e-02 -1.63315944e-02  4.02950011e-02
  5.74286878e-02 -5.92620559e-02  4.99945972e-03  4.93214913e-02
 -1.88387241e-02  2.05261633e-02  5.64246848e-02  4.12685461e-02
  3.83419101e-03  8.94075781e-02 -1.13303233e-02  5.29472716e-03
  4.82419059e-02 -9.84665751e-02 -5.31808026e-02  5.21976501e-02
  1.12710632e-01  5.05781863e-05  9.10479277e-02  3.12160794e-02
 -8.73416811e-02 -7.13928193e-02 -6.13399372e-02 -6.27031997e-02
 -2.36440543e-02  1.62972719e-03  6.32222518e-02  1.79058295e-02
  2.77247629e-03  2.33655162e-02  1.06992852e-02 -5.10117412e-02
  5.58790080e-02  6.70904219e-02  1.71305425e-02 -4.49703597e-02
 -7.17241392e-02  5.33762714e-03 -5.61787672e-02  1.16500229e-01
 -1.41985584e-02  6.97573647e-02  7.63265835e-03 -3.23151797e-02
  8.60591158e-02 -2.70173606e-02  4.21564357e-04 -5.01010865e-02
  4.95828949e-02 -4.58861105e-02  2.58706436e-02 -4.20272816e-03
  4.64823768e-02 -1.67308357e-02 -6.39191791e-02 -1.32196370e-33
 -2.72031445e-02 -1.57030467e-02 -1.35250464e-02  5.74741401e-02
  1.02734603e-01 -3.08136716e-02 -1.26913749e-02  6.80957288e-02
 -7.97469616e-02 -3.11093237e-02  4.19315882e-02  1.21115826e-01
  2.42341068e-02 -1.26852887e-02  4.72714938e-02  1.27850594e-02
 -2.08597165e-02  5.02622314e-02 -9.63547975e-02 -2.40912195e-02
  4.12757210e-02 -2.75279209e-02  5.25869764e-02 -2.03679837e-02
 -1.85916107e-03  3.26122493e-02 -8.86548385e-02  5.83799854e-02
  1.73033904e-02  1.83821730e-02  2.96134241e-02 -1.21457111e-02
 -8.49438086e-02  1.11501692e-02 -3.61659564e-02 -2.35018861e-02
 -1.36526329e-02 -4.73903678e-02  2.51957290e-02 -3.08214612e-02
  6.89757662e-03  6.82309456e-03  5.40797561e-02  4.42277379e-02
  5.08178119e-03 -1.57659557e-02  3.04432791e-02  1.17705688e-01
 -3.30883600e-02 -2.62918174e-02 -2.00803429e-02 -3.31850536e-02
  5.64203374e-02 -6.82441844e-03  3.56633998e-02 -1.32188052e-02
 -1.88028514e-02  1.26974396e-02  1.30184935e-02  2.96899471e-02
  1.30002052e-01 -5.87523803e-02  1.42019182e-01  9.44079235e-02
 -1.27599835e-01  3.68509209e-04  7.64403790e-02  2.22840887e-02
 -3.79674956e-02 -5.91069199e-02 -7.31742680e-02 -7.92010352e-02
 -6.74572662e-02 -2.53026821e-02  8.59110733e-05 -1.02681853e-02
  2.38965172e-02  4.84711975e-02  1.61692649e-01 -1.79508924e-02
  1.55026857e-02  1.68723632e-02  4.63237055e-03 -6.46303892e-02
  3.73976007e-02 -4.25578579e-02 -1.89130828e-02 -2.14839336e-02
  1.36295140e-01 -6.83817640e-03 -1.10474780e-01  5.88520728e-02
  3.24367167e-04 -6.78656762e-03  1.82538740e-02 -2.59701896e-08
 -7.22799301e-02 -2.56616659e-02  8.88718814e-02 -1.64939910e-02
  1.04709342e-01 -4.04872037e-02 -6.07296936e-02 -8.22583511e-02
 -3.96609753e-02 -1.28707998e-02  4.41777892e-03 -3.41580510e-02
 -7.22578987e-02 -4.29903716e-02  9.46898758e-02 -1.08206749e-01
  4.25433815e-02  3.48098464e-02  6.51857555e-02  1.13506922e-02
 -2.41798814e-02 -2.47697043e-03  1.60905533e-02 -8.42563063e-02
  5.98329008e-02 -1.52955363e-02 -2.71239672e-02 -1.00847082e-02
  2.66245455e-02 -1.40266707e-02 -2.84746960e-02  3.14144790e-02
 -9.03772712e-02 -3.75502966e-02  1.02147609e-02  9.06119216e-03
  2.04872154e-02 -5.17135959e-05  6.65485486e-02 -1.29472576e-02
  4.42448035e-02  1.07288817e-02  7.45815225e-03 -4.54154937e-03
 -8.80735815e-02  8.86708871e-02  9.02416557e-02  8.69952491e-04
 -5.88515662e-02  7.56851137e-02 -3.75592783e-02 -2.28847452e-02
  2.92787515e-03 -1.09441858e-02 -8.71869400e-02 -9.71216112e-02
 -4.50200476e-02 -4.35207263e-02  9.22681019e-03 -5.12764640e-02
  5.81840314e-02  6.72432855e-02  8.75261873e-02  1.21811405e-02]

Sentence: He is known for his playful and loving nature, as well as his role in the epic Mahabharata, where he serves as a charioteer and guide to the Pandava prince Arjuna.
Embedding: [-1.44612966e-02  4.80957404e-02 -1.73897296e-02  1.44858509e-02
 -7.24808425e-02  8.76226928e-03  9.61516351e-02  8.43268167e-03
 -6.85750321e-02  6.05222164e-03 -4.19444218e-02 -8.23699534e-02
 -4.53332346e-03  2.89106322e-03  7.03734756e-02 -6.93687573e-02
  3.47209424e-02  5.32047376e-02  2.43930630e-02 -8.80027041e-02
 -6.34016320e-02  1.28454352e-02  2.58828253e-02 -4.96195927e-02
 -1.01700515e-01 -5.72394133e-02  3.95174772e-02 -4.37724106e-02
  1.13143800e-02 -5.36371917e-02  1.84985511e-02 -6.20612390e-02
 -4.17356864e-02  1.38571812e-02 -1.08740047e-01  1.26216799e-01
 -4.11252417e-02  6.70053810e-02 -3.57779339e-02 -5.01137897e-02
  1.02938741e-01  5.25516234e-02  2.05850080e-02 -2.32382361e-02
  2.91880723e-02 -6.18070737e-02 -8.64914432e-02 -9.65062678e-02
  6.54123724e-02  2.66754385e-02 -5.55410795e-02  6.25326484e-02
 -2.13393588e-02 -1.40425200e-02  8.17738771e-02 -1.73154771e-02
  3.45041007e-02 -7.00649098e-02  9.01058540e-02  3.00211273e-03
  3.75664607e-02  5.75125106e-02  7.19521791e-02 -1.30202128e-02
 -3.63292694e-02 -1.47259846e-01 -5.27448095e-02 -2.33034901e-02
 -6.80110529e-02 -3.41310240e-02  2.83835847e-02  4.09639394e-03
  6.54381663e-02  6.96919672e-03 -5.66781200e-02 -1.17893204e-01
 -4.10922654e-02 -1.77340787e-02 -4.60960576e-03  9.88930650e-03
  2.98538636e-02  7.72680715e-02  2.10161768e-02  6.55644313e-02
 -1.31868543e-02  3.44305560e-02 -3.39713283e-02 -1.28084019e-01
 -2.39430107e-02 -1.09375762e-02  1.19756810e-01 -4.59516309e-02
  1.90559798e-03  3.28329741e-04 -9.08995494e-02  4.55438122e-02
  5.06299995e-02 -2.06735378e-04 -8.05163831e-02 -1.90164782e-02
 -5.83753455e-03 -4.81318757e-02  6.13931566e-03 -5.62182569e-04
 -9.95919555e-02  5.30050471e-02 -3.23266350e-02 -9.44016781e-03
  2.07582396e-02  1.09690139e-02 -4.83956560e-02 -6.31658286e-02
 -4.75166701e-02 -4.40327860e-02  3.77219580e-02 -6.80813845e-03
 -1.09644324e-01  3.18211243e-02 -7.13395625e-02  3.87831442e-02
  2.13606115e-02  8.83980989e-02  8.63641128e-02  4.16183285e-02
  9.38378461e-03 -3.43985297e-02  4.19805422e-02 -2.63745300e-33
 -1.89030741e-03 -8.49745125e-02  3.73434797e-02  1.68348365e-02
 -1.09864203e-02 -3.78882922e-02  1.08418930e-02 -7.15027750e-02
 -3.04097049e-02 -2.85901353e-02 -2.12250371e-02  2.42501386e-02
 -8.10998976e-02  7.93265477e-02 -9.32125226e-02  7.42304176e-02
 -4.73273844e-02 -6.75927475e-02  3.21017131e-02 -1.41523369e-02
  4.70315665e-02  2.29699146e-02  5.81777394e-02 -3.46287787e-02
  5.90072908e-02 -4.18111384e-02  3.07779443e-02 -4.75574657e-02
  2.84649450e-02  4.60940413e-02 -6.43334091e-02 -5.87070500e-03
 -1.16469018e-01  1.41223595e-02  2.27989517e-02 -3.53116319e-02
 -1.09926976e-01 -6.11295402e-02 -7.68872499e-02  6.40604645e-02
  2.43095700e-02 -2.68213805e-02 -5.44419661e-02  1.31792668e-03
 -1.15998223e-01  3.89364138e-02  9.36366022e-02  1.02297783e-01
  4.74843755e-02  4.30220254e-02 -3.53130959e-02  8.49139411e-03
  5.93134314e-02 -6.69243783e-02 -1.45612694e-02  1.38003158e-03
  6.05404004e-02 -5.15435822e-02  1.61229093e-02  2.87567228e-02
 -9.30787355e-04 -4.62046638e-02 -1.06293091e-03  6.17973413e-03
 -2.01924052e-02 -3.66759598e-02 -7.61508429e-03 -3.94929945e-03
  2.28879079e-02 -8.90666097e-02  1.63051032e-03  5.34297992e-03
 -1.88513864e-02 -2.50220411e-02 -1.42185502e-02 -6.65671006e-02
 -5.97957447e-02 -4.88949828e-02 -7.14401081e-02  3.20753977e-02
 -9.51117203e-02 -3.81536898e-04  4.34333086e-02  5.52770197e-02
  2.94537004e-02 -9.62323975e-03  4.50385399e-02 -5.79090565e-02
 -2.20137797e-02  3.15812565e-02  1.38007309e-02 -6.10932475e-03
 -7.71907624e-03  3.32989506e-02 -3.45684960e-02 -2.36886595e-33
  1.05086025e-02 -4.27361298e-03  8.47259834e-02  1.47098871e-02
  3.12641002e-02 -1.13084624e-02 -4.11584340e-02  9.73058343e-02
 -1.21680915e-03  4.97864792e-03 -5.86069673e-02  1.07171759e-01
  2.01068465e-02 -2.42524724e-02  2.61882208e-02  4.45563905e-02
 -4.68620062e-02  1.47748828e-01 -6.20836839e-02 -7.78369186e-03
  1.13775777e-02 -1.13351522e-02 -3.87015496e-03 -7.98309743e-02
 -8.41598958e-03 -4.02056519e-03 -4.50513065e-02  1.19396597e-02
 -7.47218803e-02  1.36656975e-02  2.68224664e-02 -1.66950037e-03
 -3.41144651e-02 -7.02316547e-03  2.22045872e-02  3.21069197e-03
  3.31642479e-03 -3.03677972e-02  1.59916002e-02  2.66772620e-02
  8.54101479e-02  4.61426228e-02  9.23037156e-02  2.28083134e-02
  3.14240381e-02  1.94952413e-02 -4.22792844e-02  1.04753174e-01
 -2.88045569e-03  7.03492761e-03  5.14421472e-03 -2.57449709e-02
  8.96840319e-02 -1.65099781e-02  8.28995481e-02  4.29008044e-02
  8.96824058e-03  4.62681204e-02  4.26440686e-02 -2.33608820e-02
 -2.74244638e-04 -3.84303890e-02  6.21558614e-02  8.02934244e-02
  7.71778496e-03  4.10423288e-03  2.16044541e-02 -1.95071772e-02
 -1.97751820e-02 -6.28447980e-02 -2.41038273e-03 -6.73556328e-02
 -3.63073312e-02 -4.11854312e-02 -3.32946442e-02  6.15843646e-02
 -8.62080953e-04 -2.77713314e-02  6.94796965e-02 -2.37130579e-02
 -5.95278293e-03 -2.62400620e-02  5.31462766e-02 -6.46664575e-02
 -7.18097463e-02  7.76825324e-02  1.71984490e-02 -4.21589687e-02
  4.86806706e-02  3.10049169e-02  2.63983421e-02  3.26275267e-02
  1.84997302e-02  8.11754446e-03  5.85186630e-02 -3.00513356e-08
 -1.21435493e-01 -4.43557091e-03 -2.12267824e-02 -9.21933576e-02
 -2.36828681e-02  7.32383877e-02 -4.52452898e-02 -7.69677982e-02
  1.16292702e-03  1.25063226e-01  5.70211671e-02  3.66577171e-02
  2.99918354e-02  3.08567807e-02  1.05491780e-01 -1.46056619e-02
  8.39496925e-02  1.26221757e-02 -1.00138392e-02  2.79464740e-02
  1.30529329e-02 -6.69733062e-02  2.34342795e-02 -3.72349955e-02
 -5.41095249e-02 -1.19692329e-02 -3.09367944e-02 -8.47958680e-03
  4.82475646e-02  5.95396906e-02 -1.69491563e-02  5.07488996e-02
 -1.23981331e-02 -9.57425013e-02  7.54674524e-02  6.27774075e-02
 -5.80292568e-02 -7.95338750e-02  5.17832898e-02  3.35781686e-02
  3.89766656e-02  2.83340868e-02  4.53964770e-02 -7.94298854e-03
 -1.60238352e-02  2.97339000e-02  3.92235443e-02 -1.50465593e-02
 -6.85832351e-02  2.88023036e-02 -4.60090823e-02 -2.31676679e-02
  8.62925500e-02 -3.30241621e-02  1.06542083e-02 -2.82761324e-02
 -8.58736634e-02 -7.39705469e-03  6.36529317e-03 -1.19188977e-02
  1.70137286e-02  1.68278124e-02 -1.39762871e-02  2.83977520e-02]

